2.7164 50.3763 9532.51 3.3929 3.108 1.7767 1.23171 1.23025 555791
2.74692 50.3763 9532.09 3.38254 3.108 1.7767 1.23171 1.23025 553320
2.74692 50.3763 9532.09 3.38254 3.108 1.7767 1.23171 1.23025 553320
2.74692 50.3763 9532.51 3.38254 3.11318 1.7819 1.23171 1.23025 555814
2.74692 50.3763 9532.51 3.38254 3.11318 1.7819 1.23171 1.23025 555814
2.7164 50.3562 9532.51 3.3929 3.108 1.7767 1.23171 1.23025 553320
2.7164 50.3562 9532.51 3.3929 3.108 1.7767 1.23171 1.23025 553320
2.74692 50.3562 9532.51 3.38254 3.108 1.7767 1.23171 1.23025 555814
2.74692 50.3562 9532.51 3.38254 3.108 1.7767 1.23171 1.23025 555814
2.74692 50.3562 9532.51 3.38772 3.10282 1.7819 1.23171 1.23025 553320
2.74692 50.3763 9532.51 3.38254 3.108 1.7767 1.23171 1.23025 553344
2.74692 50.3562 9532.09 3.38254 3.108 1.7767 1.23171 1.23025 553320
2.74692 50.3562 9532.09 3.38254 3.108 1.7767 1.23171 1.23025 553320
2.74692 50.3562 9532.51 3.38254 3.108 1.7767 1.23171 1.23025 555814
2.74692 50.3562 9532.51 3.38254 3.108 1.7767 1.23171 1.23025 555814
2.74692 50.3562 9532.09 3.38772 3.108 1.7767 1.23171 1.23025 555791
2.74692 50.3562 9532.51 3.37736 3.10282 1.7819 1.23171 1.23025 553320
2.74692 50.3562 9532.51 3.37736 3.10282 1.7819 1.23171 1.23025 553320
2.74692 50.3562 9532.51 3.38254 3.108 1.7767 1.23171 1.23025 555767
2.74692 50.3562 9532.51 3.38254 3.108 1.7767 1.23171 1.23025 555767
2.74692 50.3562 9532.51 3.38772 3.10282 1.7819 1.23171 1.23025 553320
2.74692 50.3562 9532.09 3.3929 3.10282 1.7819 1.23171 1.23025 555814
2.74692 50.3562 9532.09 3.3929 3.10282 1.7819 1.23171 1.23025 555814
2.7164 50.3562 9532.09 3.38254 3.108 1.7767 1.23171 1.23025 555814
2.7164 50.3562 9532.09 3.38254 3.108 1.7767 1.23171 1.23025 555814
2.74692 50.3562 9532.09 3.37218 3.11318 1.7767 1.23171 1.23025 553320
2.74692 50.3562 9532.09 3.37218 3.11318 1.7767 1.23171 1.23025 553320
2.74692 50.3562 9532.09 3.37736 3.10282 1.7819 1.23171 1.23025 553320
2.74692 50.3562 9532.51 3.38254 3.108 1.7767 1.23171 1.23025 553320
2.74692 50.3562 9532.51 3.38254 3.108 1.7767 1.23171 1.23025 553320
2.74692 50.3763 9532.09 3.37736 3.10282 1.7819 1.23171 1.23025 553320
2.74692 50.3763 9532.09 3.37736 3.10282 1.7819 1.23171 1.23025 553320
2.74692 50.3562 9532.51 3.39808 3.10282 1.7819 1.23171 1.23025 553320
2.74692 50.3562 9532.51 3.39808 3.10282 1.7819 1.23171 1.23025 553320
2.74692 50.3562 9532.51 3.37218 3.108 1.7767 1.23171 1.23025 553320
2.74692 50.3562 9532.51 3.3929 3.108 1.7767 1.23171 1.23025 553320
2.74692 50.3562 9532.51 3.3929 3.108 1.7767 1.23171 1.23025 553320
2.74692 50.3763 9532.09 3.39808 3.10282 1.7819 1.23171 1.23025 553320
2.74692 50.3763 9532.09 3.39808 3.10282 1.7819 1.23171 1.23025 553320
2.74692 50.3562 9532.51 3.38772 3.10282 1.7819 1.23171 1.23025 553344
2.74692 50.3562 9532.51 3.38254 3.108 1.7819 1.23171 1.23025 553297
2.74692 50.3562 9532.51 3.38254 3.108 1.7819 1.23171 1.23025 553297
2.74692 50.3562 9532.51 3.38772 3.11318 1.7819 1.23171 1.23025 553344
2.74692 50.3562 9532.51 3.38772 3.11318 1.7819 1.23171 1.23025 553344
2.7164 50.3562 9532.09 3.38772 3.108 1.7767 1.23171 1.23025 553320
2.7164 50.3562 9532.09 3.38772 3.108 1.7767 1.23171 1.23025 553320
2.74692 50.3562 9532.09 3.38254 3.11318 1.7819 1.23171 1.23025 553320
2.74692 50.3763 9532.09 3.38772 3.10282 1.7819 1.23171 1.23025 555791
2.74692 50.3763 9532.09 3.38772 3.10282 1.7819 1.23171 1.23025 555791
2.7164 50.3461 9532.51 3.38772 3.10282 1.7819 1.23171 1.23025 555791
2.7164 50.3461 9532.92 3.3929 3.108 1.7819 1.23171 1.23025 555791
2.74692 50.3562 9534.41 3.38772 3.11318 1.7819 1.23171 1.23025 553320
2.7164 50.3562 9532.92 3.39808 3.10282 1.7819 1.23171 1.23025 553320
2.74692 50.3562 9532.92 3.37218 3.108 1.7767 1.23171 1.23025 555791
2.74692 50.3562 9532.51 3.3929 3.108 1.7819 1.23171 1.23025 553320
2.7164 50.3562 9532.92 3.39808 3.11836 1.7767 1.23171 1.23025 555814
2.7164 50.3461 9532.51 3.38254 3.10282 1.7767 1.23171 1.23025 553344
2.74692 50.3562 9532.92 3.3929 3.11836 1.787 1.23171 1.23025 553320
2.7164 50.3461 9532.92 3.3929 3.108 1.7819 1.23171 1.23025 555814
2.7164 50.3562 9532.92 3.3929 3.108 1.7767 1.23171 1.23025 553320
2.74692 50.3562 9532.92 3.39808 3.11836 1.7819 1.23171 1.23025 555814
2.74692 50.3562 9532.92 3.38772 3.10282 1.7819 1.23171 1.23025 555791
2.74692 50.3562 9532.92 3.38254 3.108 1.7767 1.23171 1.23025 553344
2.74692 50.3562 9532.92 3.38254 3.11318 1.7819 1.23171 1.23025 553344
2.74692 50.3562 9532.92 3.3929 3.10282 1.7819 1.23171 1.23025 555814
2.74692 50.3763 9532.92 3.39808 3.10282 1.7819 1.23171 1.23025 553344
2.74692 50.3562 9532.92 3.37736 3.10282 1.7819 1.23171 1.23025 555814
2.74692 50.3562 9532.92 3.39808 3.11318 1.7767 1.23171 1.23025 555791
2.74692 50.3562 9532.51 3.3929 3.108 1.7819 1.23171 1.23025 553320
2.74692 50.3562 9532.92 3.3929 3.108 1.7767 1.23171 1.23025 553320
2.74692 50.3562 9532.92 3.38254 3.10282 1.7767 1.23171 1.23025 553320
2.7164 50.3562 9532.51 3.3929 3.108 1.7819 1.23171 1.23025 555814
2.74692 50.3562 9534 3.37736 3.10282 1.7819 1.23171 1.23025 553320
2.7164 50.3461 9534 3.38254 3.108 1.7767 1.23171 1.23025 553344
2.74692 50.3562 9532.51 3.39808 3.108 1.7767 1.23171 1.23025 555791
2.74692 50.3562 9532.92 3.38254 3.11318 1.7819 1.23171 1.23025 553320
2.74692 50.3562 9532.92 3.3929 3.108 1.7819 1.23171 1.23025 553297
2.74692 50.3562 9532.92 3.38772 3.108 1.7819 1.23171 1.23025 555767
2.74692 50.3562 9532.92 3.3929 3.108 1.7767 1.23171 1.23025 553320
2.74692 50.3562 9532.92 3.39808 3.11836 1.7767 1.23171 1.23025 553344
2.74692 50.3562 9532.92 3.38772 3.10282 1.7819 1.23171 1.23025 553344
2.7164 50.3562 9534.41 3.3929 3.10282 1.7819 1.23171 1.23025 555791
2.74692 50.3461 9532.92 3.38772 3.108 1.7819 1.23171 1.23025 555791
2.74692 50.3562 9532.92 3.38772 3.10282 1.7819 1.23171 1.23025 555767
2.74692 50.3562 9532.92 3.39808 3.108 1.7767 1.23171 1.23025 555791
2.74692 50.3562 9533.33 3.38772 3.10282 1.7819 1.23171 1.23025 553344
2.74692 50.3562 9532.92 3.38772 3.11318 1.7819 1.23171 1.23025 555814
2.74692 50.3562 9532.92 3.39808 3.108 1.7767 1.23171 1.23025 555814
2.74692 50.3562 9532.92 3.38772 3.10282 1.7819 1.23171 1.23025 555791
2.74692 50.3763 9532.92 3.39808 3.11318 1.7819 1.23171 1.23025 553344
2.74692 50.3562 9532.92 3.38254 3.108 1.7767 1.23171 1.23025 555814
2.74692 50.3562 9533.33 3.38254 3.108 1.7767 1.23171 1.23025 555814
2.7164 50.3562 9532.92 3.38772 3.108 1.7819 1.23171 1.23025 553344
2.74692 50.3461 9532.92 3.3929 3.108 1.7819 1.23171 1.23025 553297
2.74692 50.3562 9532.92 3.37218 3.108 1.7819 1.23171 1.23025 553344
2.74692 50.3562 9532.92 3.37736 3.11318 1.7819 1.23171 1.23025 555791
2.7164 50.3461 9533.33 3.39808 3.108 1.7767 1.23171 1.23025 553320
2.74692 50.3562 9534.41 3.3929 3.108 1.7819 1.23171 1.23025 553320
2.74692 50.3562 9532.92 3.37736 3.108 1.7767 1.23171 1.23025 555791
2.74692 50.3562 9532.92 3.38254 3.108 1.7767 1.23171 1.23025 553297
2.74692 50.3562 9532.92 3.3929 3.108 1.7767 1.23171 1.23025 553320
2.74692 50.3562 9532.92 3.3929 3.108 1.7767 1.23171 1.23025 553344
2.74692 50.3562 9532.92 3.3929 3.10282 1.7819 1.23171 1.23025 555814
2.74692 50.3461 9532.92 3.3929 3.10282 1.7819 1.23171 1.23025 553320
2.74692 50.3562 9532.92 3.39808 3.11318 1.7819 1.23171 1.23025 555814
2.74692 50.3562 9534.41 3.38254 3.11318 1.7819 1.23171 1.23025 555791
2.74692 50.3562 9532.92 3.3929 3.10282 1.7819 1.23171 1.23025 553320
2.7164 50.3461 9532.92 3.37736 3.10282 1.7819 1.23171 1.23025 553320
2.74692 50.3562 9534.41 3.38772 3.11318 1.7819 1.23171 1.23025 553344
2.74692 50.3562 9534.41 3.3929 3.108 1.7767 1.23171 1.23025 553344
2.74692 50.3562 9532.92 3.3929 3.108 1.7767 1.23171 1.23025 553320
2.7164 50.3461 9532.92 3.38254 3.108 1.7767 1.23171 1.23025 553320
2.74692 50.3562 9532.92 3.38772 3.10282 1.7819 1.23171 1.23025 553320
2.74692 50.3562 9532.92 3.39808 3.108 1.7767 1.23171 1.23025 555791
2.74692 50.3562 9534.41 3.38254 3.11318 1.7819 1.23171 1.23025 553344
2.74692 50.3562 9532.92 3.39808 3.108 1.7767 1.23171 1.23025 555838
2.74692 50.3562 9532.92 3.39808 3.108 1.7767 1.23171 1.23025 553320
2.74692 50.3562 9532.92 3.38254 3.11318 1.7819 1.23171 1.23025 553320
2.74692 50.3562 9532.92 3.3929 3.108 1.7767 1.23171 1.23025 555791
2.74692 50.3562 9532.92 3.3929 3.108 1.7767 1.23171 1.23025 555791
2.74692 50.3763 9532.92 3.3929 3.108 1.7819 1.23171 1.23025 555814
2.74692 50.3562 9532.92 3.38254 3.108 1.7819 1.23171 1.23025 553320
2.74692 50.3562 9532.92 3.37736 3.10282 1.7819 1.23171 1.23025 553320
2.74692 50.3562 9532.92 3.3929 3.108 1.7819 1.23171 1.23025 555791
2.74692 50.3562 9532.92 3.3929 3.108 1.7767 1.23171 1.23025 555791
2.74692 50.3562 9532.92 3.3929 3.108 1.7819 1.23171 1.23025 553344
2.74692 50.3562 9532.92 3.3929 3.108 1.7819 1.23171 1.23025 555814
2.74692 50.3562 9532.92 3.37736 3.11318 1.7819 1.23171 1.23025 553297
2.74692 50.3562 9532.92 3.38254 3.108 1.7767 1.23171 1.23025 553344
2.74692 50.3763 9532.92 3.38772 3.10282 1.7819 1.23171 1.23025 555791
2.74692 50.3763 9532.92 3.3929 3.108 1.7819 1.23171 1.23025 553320
2.74692 50.3562 9532.92 3.3929 3.108 1.7819 1.23171 1.23025 555814
2.74692 50.3562 9532.92 3.38254 3.108 1.7767 1.23171 1.23025 553320
2.74692 50.3562 9532.92 3.38772 3.108 1.7819 1.23171 1.23025 555791
2.7164 50.3562 9534.41 3.37736 3.11318 1.7819 1.23171 1.23025 553320
2.74692 50.3562 9532.92 3.38772 3.11318 1.7819 1.23171 1.23025 553320
2.74692 50.3562 9532.92 3.38254 3.108 1.7767 1.23171 1.23025 553320
